13
2520
0
0
0
60
60
60
60
60
60
40
40
55
55
680
360
360
200
200
200
200
200
200
120
120
120
120
0.00028
0.00056
0.00056
0.00324
0.00324
0.00324
0.00324
0.00324
0.00324
0.00284
0.00284
0.00284
0.00284
8.10
8.10
8.10
7.74
7.74
7.74
7.74
7.74
7.74
8.60
8.60
8.60
8.60
550
309
307
240
240
240
240
240
240
126
126
126
126
300
200
150
150
150
150
150
150
150
100
100
100
100
0.035
0.042
0.042
0.063
0.063
0.063
0.063
0.063
0.063
0.084
0.084
0.084
0.084