40
10500
36
36
60
80
47
68
110
135
135
130
94
94
125
125
125
125
220
220
242
242
254
254
254
254
254
254
10
10
10
47
60
60
60
90
90
90
25
25
25
242
114
114
120
190
97
140
300
300
300
300
375
375
500
500
500
500
500
500
550
550
550
550
550
550
550
550
150
150
150
97
190
190
190
200
200
200
110
110
110
550
0.0069
0.0069
0.02028
0.00942
0.01140
0.01142
0.00357
0.00492
0.00573
0.00605
0.00515
0.00569
0.00421
0.00752
0.00708
0.00708
0.00313
0.00313
0.00313
0.00313
0.00298
0.00298
0.00284
0.00284
0.00277
0.00277
0.52124
0.52124
0.52124
0.01140
0.00160
0.00160
0.00160
0.00010
0.00010
0.00010
0.01610
0.01610
0.01610
0.00313
6.73
6.73
7.07
8.18
5.35
8.05
8.03
6.99
6.60
12.90
12.90
12.80
12.50
8.84
9.15
9.15
7.97
7.95
7.97
7.97
6.63
6.63
6.66
6.66
7.10
7.10
3.33
3.33
3.33
5.35
6.43
6.43
6.43
8.95
8.62
8.62
5.88
5.88
5.88
7.97
94.705
94.705
309.54
369.03
148.89
222.33
278.71
391.98
455.76
722.82
635.20
654.69
913.40
1760.4
1728.3
1728.3
647.85
649.69
647.83
647.81
785.96
785.96
794.53
794.53
801.32
801.32
1055.1
1055.1
1055.1
148.89
222.92
222.92
222.92
107.87
116.58
116.58
307.45
307.45
307.45
647.83
100
100
100
150
120
100
200
200
200
200
200
200
300
300
300
300
300
300
300
300
300
300
300
300
300
300
120
120
120
120
150
150
150
200
200
200
80
80
80
300
0.084
0.084
0.084
0.063
0.077
0.084
0.042
0.042
0.042
0.042
0.042
0.042
0.035
0.035
0.035
0.035
0.035
0.035
0.035
0.035
0.035
0.035
0.035
0.035
0.035
0.035
0.077
0.077
0.077
0.077
0.063
0.063
0.063
0.042
0.042
0.042
0.098
0.098
0.098
0.035